/home/parallels/PAPTeam_ubuntu/OpticalFlow/Code/Experiment/pyflow/output/HoChiMinhTraffic_10FPS_800/timing/HoChiMinhTraffic_10FPS_800_P6.txt
Image Warp,Pyramid Construction,Total Run,[P0],[P1],[P2],[P3],[P4],[P5]
0.064394,0.183787,5.930097,2.330933,1.466018,0.844578,0.517363,0.321592,0.201226
0.070649,0.172638,6.215272,2.264166,1.547672,0.982659,0.607584,0.349909,0.219789
0.071199,0.168153,5.864022,2.299678,1.403626,0.873507,0.525625,0.323230,0.198821
0.070900,0.165340,5.720076,2.215910,1.373539,0.857503,0.515570,0.322048,0.199085
0.069023,0.167872,5.745945,2.234908,1.408438,0.851472,0.510473,0.310545,0.193010
0.069461,0.168150,5.734466,2.229187,1.405579,0.852375,0.496511,0.312860,0.200157
0.068956,0.165824,5.731142,2.230882,1.391701,0.858766,0.497158,0.321167,0.196503
0.072853,0.166624,5.859261,2.319113,1.429604,0.855800,0.507411,0.316462,0.191205
0.069504,0.166467,5.724377,2.230915,1.395539,0.852024,0.500634,0.316628,0.192489
0.067542,0.169004,5.699084,2.211442,1.397355,0.836153,0.510202,0.310105,0.197098
0.069405,0.175312,5.777105,2.244429,1.413578,0.846792,0.505813,0.323163,0.198417
0.068830,0.168182,5.724310,2.214103,1.402494,0.847743,0.503069,0.320645,0.199051
0.068730,0.166086,5.843181,2.336306,1.397753,0.849655,0.514110,0.317857,0.192502
0.068321,0.166802,5.731715,2.224858,1.383503,0.866841,0.507859,0.320079,0.193264
0.071287,0.166360,5.750423,2.220991,1.403674,0.853340,0.524811,0.309792,0.199976
0.069091,0.165882,5.739276,2.215097,1.403915,0.850624,0.520352,0.308364,0.205759
0.070074,0.168272,5.740067,2.227255,1.410405,0.847672,0.501596,0.312850,0.201739
0.069372,0.166742,6.015921,2.514489,1.385563,0.861050,0.502323,0.321509,0.194701
0.070459,0.167748,5.791952,2.249395,1.401331,0.859754,0.506023,0.326043,0.211010
0.074535,0.166053,5.779986,2.272295,1.391613,0.854102,0.500755,0.327765,0.192664
0.070750,0.179329,6.408987,2.379961,1.588609,0.968280,0.579123,0.422707,0.220032
0.069797,0.170982,5.809578,2.240256,1.424036,0.867790,0.514190,0.317987,0.204345
0.069926,0.165884,5.885464,2.372880,1.398659,0.850615,0.503526,0.320482,0.203315
0.069598,0.166361,5.799860,2.235410,1.420976,0.869716,0.505692,0.328144,0.203783
0.073296,0.163955,5.761918,2.228240,1.406544,0.872643,0.496903,0.329646,0.190506
0.069470,0.166880,6.030064,2.306301,1.458414,0.949129,0.546632,0.338287,0.194760
0.071892,0.167830,6.135721,2.364790,1.481535,0.936739,0.574613,0.337873,0.200246
0.082259,0.176406,6.302032,2.542631,1.489942,0.952845,0.510425,0.325509,0.221800
0.069734,0.178286,6.143891,2.262634,1.508573,0.960183,0.572981,0.345441,0.245857
0.072280,0.167752,5.998647,2.326872,1.532175,0.865815,0.525953,0.310954,0.196651
0.071076,0.182036,6.205338,2.350006,1.568920,0.944860,0.529610,0.347539,0.211093
0.069693,0.172232,6.033312,2.304741,1.442783,0.929592,0.555232,0.345402,0.213436
0.071498,0.169415,6.270019,2.505321,1.467585,0.913114,0.567392,0.356061,0.219397
0.071858,0.171202,6.097112,2.299402,1.520421,0.926359,0.549029,0.341006,0.217628
0.072636,0.187371,6.374155,2.383914,1.555971,1.020782,0.588692,0.353376,0.211222
0.071814,0.177172,5.996258,2.352494,1.444619,0.857826,0.522384,0.357125,0.212629
0.072709,0.174396,6.206328,2.357090,1.555506,0.915066,0.566498,0.344115,0.220730
0.072308,0.177324,6.024600,2.327445,1.546970,0.855779,0.516738,0.314198,0.213614
0.073788,0.170465,6.219726,2.414163,1.520922,0.919259,0.562817,0.349962,0.208160
0.070477,0.179622,6.196610,2.348990,1.484649,0.949925,0.569330,0.361579,0.231849
0.072488,0.174011,6.248944,2.378598,1.549974,0.955058,0.566675,0.344309,0.207615
0.069889,0.177885,6.222168,2.330432,1.538528,0.944511,0.591241,0.359305,0.210144
0.071460,0.179144,6.098485,2.315942,1.508280,0.982235,0.525303,0.317479,0.198433
0.073325,0.175064,6.138217,2.352581,1.504591,0.946338,0.547296,0.332319,0.206501
0.073613,0.171752,6.327581,2.354224,1.545229,0.989125,0.611684,0.362496,0.219250
0.073213,0.177138,6.216566,2.361905,1.517856,0.951330,0.574293,0.339470,0.221161
0.080022,0.176257,6.298952,2.387089,1.528607,0.956172,0.594565,0.360882,0.215161
0.071424,0.191228,6.301277,2.300442,1.607692,0.968301,0.578120,0.341324,0.242533
0.071250,0.175351,6.026764,2.330180,1.500088,0.893310,0.520544,0.332818,0.203037
0.073467,0.179336,6.342384,2.379468,1.543360,1.015868,0.586234,0.346326,0.218114
0.071479,0.182462,6.243255,2.374783,1.522812,0.937959,0.585008,0.348608,0.219946
0.071978,0.175389,6.245542,2.365493,1.525932,0.956181,0.567678,0.361391,0.221286
0.073620,0.195589,6.340213,2.397887,1.532688,0.937366,0.587544,0.375734,0.239564
0.073674,0.184300,6.218312,2.348037,1.515608,0.961165,0.564060,0.355236,0.216018
0.072783,0.177174,6.156335,2.312063,1.454155,0.931533,0.590697,0.379835,0.237899
0.074352,0.175912,6.268903,2.385247,1.564702,0.961619,0.553626,0.342352,0.210898
0.073538,0.180626,6.308180,2.533245,1.509572,0.899252,0.557665,0.340546,0.213544
0.074958,0.172681,6.322362,2.378919,1.568092,0.981877,0.563639,0.361009,0.220952
0.073430,0.173102,6.446247,2.438748,1.591342,1.032916,0.578757,0.334117,0.223630
0.072334,0.178463,6.237817,2.352293,1.525485,0.956523,0.576532,0.362897,0.213096
0.068951,0.171407,6.131152,2.268587,1.530980,0.940864,0.589547,0.352250,0.208358
0.079599,0.169388,5.997995,2.281403,1.511874,0.888268,0.532685,0.324132,0.210447
0.071484,0.186084,6.337112,2.279214,1.512925,1.063830,0.627322,0.375617,0.220438
0.073779,0.178316,6.119080,2.319639,1.477485,0.954971,0.518118,0.360084,0.236493
0.071666,0.173075,5.925534,2.291349,1.432236,0.873647,0.522001,0.335202,0.226077
0.069387,0.189398,6.124472,2.320418,1.481057,0.926676,0.548549,0.348536,0.240264
0.073479,0.168376,6.118496,2.347718,1.446860,0.931361,0.605671,0.341428,0.203378
0.072057,0.173747,6.060190,2.303281,1.466125,0.922618,0.549748,0.348964,0.223464
0.075388,0.177442,6.081285,2.309084,1.486061,0.947866,0.545021,0.332884,0.207335
0.076594,0.177467,5.971944,2.303164,1.431338,0.888991,0.527095,0.343618,0.223495
0.071859,0.172338,5.985499,2.304288,1.470754,0.908706,0.528617,0.318152,0.210569
0.072075,0.187462,6.292169,2.306851,1.481897,1.001722,0.631825,0.368757,0.241374
0.068647,0.170905,6.037820,2.287051,1.538363,0.905925,0.515948,0.328963,0.221827
0.070755,0.170999,6.107028,2.323828,1.471462,0.928040,0.583297,0.339679,0.218741
0.079550,0.179087,6.045053,2.330627,1.453601,0.898858,0.557590,0.342084,0.203463
0.078748,0.165052,6.109854,2.315471,1.464875,0.963544,0.599264,0.327286,0.195392
0.072505,0.172671,6.526054,2.378508,1.533511,0.981298,0.694255,0.428872,0.264230
0.087563,0.182691,6.562985,2.433429,1.606065,1.062465,0.619215,0.358090,0.213252
0.073671,0.177403,6.200552,2.384482,1.509593,0.908878,0.586360,0.350434,0.209515
0.072927,0.171391,6.061592,2.315563,1.477998,0.895129,0.550590,0.357526,0.220258
0.074559,0.193903,6.340342,2.471815,1.516219,0.910332,0.602056,0.359720,0.211539
0.075590,0.178072,6.272306,2.304100,1.558531,0.918828,0.607574,0.396881,0.232515
0.074459,0.179089,6.369409,2.389641,1.570323,1.008444,0.593291,0.345294,0.208653
0.075232,0.179929,6.076065,2.286636,1.519780,0.927514,0.528545,0.337021,0.221154
0.070608,0.179575,6.117943,2.333060,1.495617,0.928785,0.544129,0.358698,0.207283
0.073161,0.171534,6.089214,2.335672,1.556134,0.886841,0.524525,0.340419,0.200670
0.070275,0.156998,5.998534,2.252611,1.417050,0.959335,0.580374,0.365813,0.195820
0.069409,0.167605,5.755971,2.238541,1.389262,0.857345,0.519773,0.318802,0.195044
0.071684,0.164792,5.951593,2.315344,1.483541,0.887814,0.514581,0.312993,0.200651
0.071280,0.178563,6.063027,2.352500,1.463432,0.896504,0.560786,0.333696,0.206069
0.070799,0.171967,5.940002,2.250996,1.425650,0.867635,0.569937,0.375190,0.207619
0.070445,0.168373,5.883756,2.240496,1.483656,0.894221,0.511440,0.316972,0.197912
0.070168,0.166691,5.746961,2.230790,1.388384,0.863931,0.519513,0.310626,0.196670
0.069257,0.171718,5.711263,2.215214,1.394253,0.845166,0.509424,0.310601,0.195436
0.070007,0.168682,6.231632,2.322707,1.513345,0.939857,0.618239,0.369458,0.229114
0.070154,0.167297,5.897534,2.240633,1.529214,0.852152,0.520060,0.314097,0.203728
0.069101,0.171719,5.677828,2.202696,1.381568,0.842658,0.508053,0.309776,0.192079
0.069115,0.167795,5.706722,2.220588,1.391310,0.850493,0.498295,0.309979,0.198944
0.072041,0.165016,5.805437,2.262492,1.420003,0.861210,0.511050,0.316519,0.196906
0.074531,0.173277,6.509973,2.553769,1.506447,1.027638,0.572771,0.360912,0.240410
0.079630,0.182333,6.453729,2.465356,1.599830,0.989537,0.570618,0.345096,0.221103
0.061724,0.161896,5.515365,2.074984,1.384876,0.820876,0.489812,0.320821,0.200192
0.067130,0.158458,5.639747,2.106207,1.320644,0.923974,0.536091,0.328276,0.198761
0.065941,0.154691,5.448423,2.098367,1.319276,0.802804,0.494740,0.312963,0.199466
0.066032,0.154327,5.588844,2.123869,1.379949,0.859070,0.497324,0.315619,0.192436
0.065489,0.161123,5.624484,2.080735,1.477257,0.842007,0.492822,0.307963,0.196895
0.079909,0.155620,5.489058,2.110121,1.326947,0.817578,0.487809,0.311294,0.199579
0.068260,0.156012,5.729519,2.171213,1.495702,0.843121,0.494439,0.309722,0.190864
0.063971,0.161845,5.478910,2.101789,1.329168,0.818201,0.502422,0.302548,0.198745
0.066370,0.155250,5.660602,2.300790,1.314895,0.816701,0.490227,0.319522,0.196652
0.067505,0.158464,5.529798,2.160251,1.318424,0.818113,0.503110,0.310591,0.193155
0.066656,0.160770,5.457722,2.098401,1.318321,0.813521,0.491037,0.307936,0.200872
0.065248,0.159191,5.639908,2.234861,1.301325,0.882203,0.491395,0.313398,0.192109
0.068552,0.160826,5.554863,2.196138,1.318100,0.802123,0.503280,0.310066,0.195592
0.067812,0.164648,5.827011,2.210012,1.427920,0.891890,0.520583,0.345790,0.198163
0.069943,0.166159,6.027576,2.274835,1.495896,0.918843,0.519196,0.364737,0.217757
0.068272,0.158412,5.998845,2.294635,1.495472,0.896763,0.517089,0.352615,0.215388
0.070690,0.160675,5.833667,2.279647,1.404141,0.861377,0.518439,0.337644,0.200863
0.067610,0.155672,5.849950,2.200559,1.410650,0.901555,0.548040,0.359710,0.205969
0.068469,0.159028,5.927829,2.149541,1.488117,0.927952,0.542814,0.375037,0.216649
0.065378,0.159662,5.609402,2.101974,1.332094,0.844280,0.570364,0.340520,0.194925
0.070923,0.149438,5.563674,2.268382,1.282442,0.806672,0.497118,0.301469,0.187000
0.069166,0.169378,5.942878,2.316427,1.452943,0.849366,0.525626,0.335887,0.223852
0.070778,0.160826,6.008126,2.209137,1.448379,0.951068,0.604512,0.370846,0.192386
0.066684,0.168141,5.866126,2.181253,1.471032,0.890327,0.550137,0.315595,0.222777
0.088287,0.162069,6.187232,2.286037,1.463497,0.944123,0.654188,0.343257,0.245516
0.071492,0.161213,6.122539,2.290560,1.492723,0.921514,0.613445,0.351040,0.220338
0.081357,0.159683,5.976746,2.225734,1.508104,0.914579,0.543671,0.331002,0.212404
0.067539,0.166187,6.036627,2.289250,1.410225,0.900993,0.563001,0.407594,0.231619
0.069813,0.163297,6.006260,2.280399,1.441667,0.912453,0.516893,0.388124,0.233410
0.068951,0.170589,6.098952,2.247266,1.476315,0.954451,0.555554,0.390043,0.235579
0.070757,0.158997,5.814106,2.218194,1.447529,0.884722,0.530075,0.307362,0.196280
0.071307,0.154993,5.896649,2.281154,1.457803,0.872523,0.531184,0.332303,0.195174
0.068646,0.181540,5.957297,2.228594,1.412006,0.859325,0.536233,0.474514,0.196202
0.082548,0.156525,5.757882,2.193083,1.445717,0.855928,0.489381,0.334862,0.199611
0.066725,0.170004,5.875164,2.174642,1.323985,0.930301,0.631300,0.367892,0.210104
0.066612,0.171719,6.091834,2.266387,1.473394,0.963322,0.577407,0.353676,0.219098
0.067386,0.158506,5.751047,2.219155,1.348112,0.931828,0.492071,0.328619,0.205175
0.060999,0.163104,6.067983,2.260575,1.421761,1.041320,0.614419,0.311346,0.194249
0.111514,0.138836,5.711792,2.147021,1.434477,0.845524,0.504452,0.328359,0.201398
0.069912,0.174550,6.167601,2.196052,1.469520,0.927415,0.701188,0.383729,0.244990
0.063623,0.154600,5.452323,2.101062,1.317216,0.823982,0.494025,0.305486,0.192133
0.064239,0.152998,5.405232,2.067793,1.301156,0.812120,0.496624,0.313198,0.196901
0.070780,0.153234,5.779890,2.231901,1.453041,0.885963,0.495689,0.301610,0.187488
0.071040,0.161478,5.858466,2.277169,1.410005,0.876258,0.527619,0.329670,0.205021
0.070971,0.166929,6.174242,2.331232,1.546151,0.957501,0.548776,0.347910,0.204525
0.066914,0.167837,5.976881,2.279105,1.456038,0.925370,0.549095,0.317041,0.215293
0.069039,0.171316,6.040875,2.299180,1.482424,0.914751,0.561057,0.331753,0.211161
0.068161,0.159752,6.046156,2.253436,1.476987,0.963360,0.587558,0.335213,0.201483
0.066775,0.162555,5.668799,2.200272,1.345227,0.830565,0.533640,0.337241,0.192334
0.068514,0.156628,5.793202,2.160193,1.485605,0.901255,0.517410,0.311139,0.192195
0.073565,0.153413,5.581315,2.170814,1.348937,0.827073,0.493138,0.308954,0.205223
0.070707,0.161667,6.038556,2.273917,1.467180,0.930374,0.539606,0.378492,0.216380
0.074498,0.165061,6.174212,2.306718,1.502002,0.962001,0.587566,0.359761,0.216370
0.069150,0.166419,5.911958,2.225368,1.419061,0.923239,0.510824,0.359963,0.237721
0.069866,0.164077,6.273702,2.279438,1.413422,1.106834,0.627854,0.353354,0.258641
0.067588,0.160278,5.824731,2.193532,1.433728,0.928203,0.520729,0.319988,0.200487
0.069029,0.164080,5.866382,2.279095,1.467303,0.851338,0.518902,0.323134,0.193308
0.062584,0.166897,5.697200,2.215073,1.358613,0.830983,0.505559,0.333591,0.223701
0.068437,0.158793,5.780011,2.187274,1.416697,0.867105,0.551600,0.338054,0.191836
0.067702,0.160968,6.059571,2.283573,1.501797,0.949234,0.530168,0.342918,0.223018
0.069307,0.165641,5.685483,2.227280,1.304015,0.869684,0.509495,0.332253,0.207624
0.070732,0.164596,5.838152,2.272880,1.363958,0.882651,0.531531,0.339398,0.212168
0.070830,0.169040,5.798237,2.144524,1.456734,0.942488,0.517765,0.305065,0.191612
0.070157,0.179188,5.873951,2.246898,1.417583,0.882487,0.534018,0.321856,0.221546
0.065860,0.156661,5.620716,2.116502,1.431404,0.846595,0.494603,0.316136,0.192760
0.069403,0.155735,5.775344,2.233555,1.485086,0.829489,0.491832,0.314340,0.195696
0.071877,0.159456,5.549679,2.098722,1.323093,0.829310,0.497205,0.345226,0.224594
0.067971,0.155219,5.596535,2.181232,1.378095,0.811237,0.500796,0.310546,0.191244
0.065907,0.160965,5.436234,2.087341,1.315248,0.806096,0.491672,0.307764,0.201050
0.071167,0.154360,5.524024,2.188553,1.311433,0.809917,0.492918,0.307607,0.187863
0.065798,0.155671,5.516988,2.081857,1.335049,0.825047,0.547726,0.306293,0.199356
0.068520,0.151602,5.419774,2.093237,1.306554,0.816625,0.474595,0.316672,0.191776
0.064979,0.158804,5.606363,2.159327,1.304708,0.793929,0.505721,0.357364,0.261316
0.065204,0.149999,5.841953,2.171827,1.489815,0.879792,0.537358,0.352017,0.195744
0.063613,0.154910,5.446546,2.098706,1.314491,0.828538,0.479364,0.314982,0.191747
0.061020,0.166006,5.559479,2.094235,1.305235,0.848626,0.555626,0.322911,0.205608
0.067999,0.151163,5.402883,2.087079,1.306000,0.803494,0.477540,0.311859,0.197559
0.069997,0.158938,5.954449,2.220191,1.457178,0.959803,0.582048,0.317068,0.189008
0.067498,0.162507,5.889376,2.265731,1.455142,0.831287,0.574659,0.329656,0.202695
0.063437,0.161335,5.763949,2.115035,1.401298,0.922904,0.575634,0.322476,0.201630
0.068702,0.154726,5.626453,2.133899,1.407236,0.884712,0.477571,0.304045,0.195382
0.065916,0.157284,5.472757,2.113708,1.308918,0.827397,0.490492,0.316010,0.192845
0.065033,0.166811,5.429804,2.095267,1.307397,0.803008,0.495244,0.305302,0.191523
0.070065,0.167964,5.749660,2.213263,1.428766,0.874319,0.483400,0.304575,0.207108
0.068996,0.163092,5.903761,2.233730,1.488187,0.905082,0.505831,0.331799,0.206840
0.069928,0.169154,6.102720,2.358055,1.488402,0.910955,0.560517,0.324242,0.221271
0.066939,0.164960,5.949530,2.174218,1.476421,0.935794,0.573578,0.348905,0.208495
0.070807,0.154941,5.688361,2.163511,1.468167,0.835410,0.494291,0.311808,0.189199
0.073292,0.152800,5.790078,2.296757,1.461714,0.812118,0.493054,0.311369,0.188766
0.071825,0.167582,6.039856,2.258427,1.444536,0.923371,0.588713,0.372624,0.212566
0.068588,0.163929,6.076183,2.333296,1.492957,0.907173,0.548795,0.361571,0.199662
0.070451,0.164053,5.954113,2.284142,1.461291,0.924526,0.513307,0.329530,0.206622
0.063812,0.155290,5.460231,2.104447,1.317110,0.826747,0.496420,0.309658,0.186557
0.066171,0.152400,5.631095,2.290137,1.330694,0.806415,0.484231,0.302252,0.198602
0.058621,0.149012,5.191154,1.880999,1.285669,0.819096,0.487940,0.317772,0.191857
0.061142,0.137743,5.094773,1.923408,1.218601,0.768257,0.480348,0.315684,0.189390
0.059576,0.162320,5.566901,1.975079,1.274639,0.796281,0.491514,0.581440,0.225858
0.071564,0.134543,5.625808,2.338955,1.319102,0.782996,0.477351,0.307471,0.193614
0.070896,0.157258,6.012213,2.416180,1.424724,0.874867,0.533877,0.340694,0.193445
0.073666,0.165749,5.986676,2.305244,1.444165,0.890587,0.576367,0.329344,0.201355
0.077603,0.168957,6.458153,2.638444,1.508177,0.911783,0.546179,0.374881,0.231907
0.058759,0.163936,5.656746,2.134286,1.378577,0.833901,0.501928,0.396521,0.188624
0.077317,0.155878,5.843150,2.462370,1.315204,0.816159,0.510730,0.305723,0.199577
0.070855,0.192442,6.623828,2.320408,1.490715,1.300675,0.652825,0.358205,0.237484
0.070392,0.160402,6.425416,2.503855,1.526631,0.978284,0.598172,0.368648,0.218855
0.069564,0.163619,6.379814,2.407869,1.612585,0.969486,0.591650,0.350103,0.214745
0.069650,0.161211,6.078821,2.388437,1.488052,0.902169,0.514786,0.325199,0.229141
0.070419,0.167689,6.310308,2.528006,1.617570,0.863883,0.535755,0.324193,0.202602
0.071779,0.158908,5.951594,2.352407,1.425802,0.877009,0.551278,0.312143,0.202092
0.069755,0.178970,6.099116,2.293789,1.496670,0.906707,0.576652,0.344707,0.231665
0.070616,0.160390,6.103367,2.358700,1.513092,0.940996,0.521025,0.337111,0.201237
0.068288,0.163811,5.949312,2.241893,1.435598,0.895751,0.531915,0.391794,0.220082
0.070668,0.159143,6.183507,2.348754,1.552970,0.948161,0.576997,0.328142,0.198491
0.077783,0.169268,6.293170,2.377345,1.506958,0.966217,0.587655,0.369536,0.238185
0.067860,0.167191,6.498667,2.310916,1.676834,0.970600,0.723270,0.360869,0.220946
0.070581,0.158463,6.311325,2.319215,1.616279,0.952661,0.584302,0.370264,0.239368
0.067231,0.160560,5.860799,2.251382,1.441902,0.884008,0.532312,0.316486,0.206752
0.067850,0.167285,5.851463,2.246753,1.432486,0.884708,0.529629,0.317333,0.205237
0.071517,0.181017,6.275334,2.366310,1.514608,0.996863,0.561165,0.362029,0.221637
0.072725,0.185305,6.543829,2.492127,1.555250,0.973688,0.641349,0.389949,0.233232
0.079682,0.167840,6.213912,2.266026,1.528813,0.978462,0.591754,0.372915,0.228229
0.140347,0.161686,6.502466,2.791495,1.479098,0.874567,0.530146,0.321338,0.203608
0.069177,0.197540,7.648466,2.373960,1.593521,1.852047,0.853405,0.472978,0.235564
0.071687,0.162286,6.435284,2.589150,1.568050,0.956227,0.551522,0.334992,0.201160
0.072106,0.198207,6.366697,2.369085,1.540274,0.959191,0.609402,0.381680,0.236551
0.073384,0.169492,6.235519,2.362413,1.536160,0.939065,0.560404,0.384372,0.210034
0.076568,0.172231,6.454156,2.425240,1.680959,0.964935,0.541078,0.353927,0.239019
0.075190,0.176840,6.265206,2.344321,1.506384,0.987581,0.601116,0.341802,0.231733
0.071122,0.166992,6.476659,2.465919,1.578303,0.941640,0.643252,0.376409,0.232837
0.070575,0.196991,6.195410,2.303618,1.488372,0.975248,0.579391,0.355943,0.225073
0.068984,0.164235,6.247588,2.333841,1.528224,1.003878,0.589101,0.336661,0.222481
0.072370,0.172840,6.284676,2.374652,1.558325,0.918713,0.620874,0.362408,0.204322
0.077173,0.173495,6.338765,2.385421,1.552828,0.957669,0.628270,0.349790,0.213892
0.069442,0.192894,6.229792,2.346064,1.557901,0.964554,0.557585,0.329730,0.211436
0.071958,0.162740,6.289802,2.370304,1.554735,0.961705,0.598150,0.355086,0.214939
0.074765,0.174102,6.287176,2.298213,1.472818,0.992280,0.650004,0.419603,0.205193
0.069383,0.183521,5.894086,2.248611,1.430893,0.882688,0.536553,0.317408,0.224864
0.074375,0.161612,6.074251,2.426342,1.476097,0.883462,0.535995,0.316300,0.199864
0.070623,0.169548,6.327043,2.410348,1.541252,0.957932,0.599422,0.348640,0.229089
0.071799,0.163648,6.101638,2.325049,1.536511,0.904004,0.542779,0.333935,0.223745
0.073771,0.168398,6.136254,2.359917,1.442734,0.926554,0.588108,0.358740,0.217860
0.070227,0.170181,6.342064,2.291481,1.468825,1.017218,0.710150,0.379060,0.234716
0.068559,0.164319,6.376133,2.396724,1.592812,0.992369,0.591566,0.360120,0.209468
0.072869,0.192348,6.265658,2.312279,1.492556,0.987905,0.600948,0.376282,0.230264
0.068585,0.161928,6.049755,2.271044,1.470636,0.910648,0.572916,0.368540,0.225274
0.067948,0.165626,6.026231,2.323725,1.503603,0.897144,0.540518,0.325195,0.202233
0.076961,0.160725,6.027976,2.334143,1.476673,0.910948,0.529978,0.334987,0.203375
0.071836,0.168806,6.319393,2.320857,1.535296,1.040000,0.613040,0.362518,0.206856
0.069545,0.184655,6.310238,2.392642,1.534970,0.971713,0.561521,0.355559,0.239441
0.071813,0.160876,6.271386,2.318460,1.509507,0.984350,0.607830,0.380834,0.237468
0.074645,0.171566,6.539996,2.384214,1.579227,1.054901,0.645127,0.399839,0.230235
0.072526,0.163261,6.199575,2.347201,1.518093,0.940283,0.572462,0.354892,0.230668
0.068437,0.171021,6.476597,2.331525,1.523179,0.953422,0.793387,0.402188,0.233227
0.076749,0.169012,6.189274,2.394897,1.507526,0.924875,0.576452,0.334164,0.205269
0.092121,0.173144,6.198633,2.303235,1.470047,0.938966,0.577141,0.407806,0.235976
0.070243,0.181604,6.170815,2.264305,1.461828,1.009509,0.595680,0.383561,0.203911
0.071910,0.162723,6.054557,2.339056,1.464055,0.919606,0.537906,0.342811,0.216296
0.069413,0.163056,6.055567,2.323710,1.468800,0.900957,0.558986,0.336473,0.234002
0.068584,0.167506,6.100122,2.375372,1.469429,0.911050,0.554861,0.339216,0.213931
0.080851,0.165443,6.010379,2.276189,1.507094,0.902120,0.544135,0.325170,0.209209
0.070923,0.178028,6.173361,2.303303,1.456458,0.928831,0.654512,0.362448,0.218688
0.070647,0.163384,6.014990,2.316971,1.456221,0.908204,0.543618,0.344102,0.211662
0.070852,0.163100,5.984866,2.271990,1.461516,0.905631,0.554347,0.349782,0.207484
0.069693,0.162583,5.945351,2.268111,1.456883,0.914422,0.525678,0.343671,0.204146
0.070611,0.161608,6.045680,2.366886,1.460942,0.903436,0.536918,0.342281,0.202824
0.069763,0.162249,5.966490,2.277988,1.464442,0.900173,0.540725,0.345388,0.205580
0.070021,0.161274,6.006627,2.302492,1.483084,0.908557,0.537022,0.339329,0.204674
0.070753,0.163237,6.103527,2.375521,1.495228,0.922173,0.525901,0.343314,0.207201
0.076084,0.167595,6.231538,2.333288,1.464234,0.979068,0.606441,0.366552,0.238104
0.071226,0.169149,6.380181,2.415629,1.498704,0.972830,0.627368,0.384619,0.240410
0.071011,0.162557,6.187908,2.323594,1.582672,0.974919,0.518313,0.345926,0.208744
0.069114,0.166889,6.159759,2.286817,1.529612,0.915113,0.588330,0.372378,0.231320
0.070509,0.183990,6.206719,2.353962,1.501378,0.963040,0.585788,0.341087,0.206783
0.071398,0.161077,6.060249,2.322807,1.464447,0.963428,0.527711,0.330997,0.218186
0.068878,0.165221,6.207940,2.303550,1.579122,0.982472,0.545921,0.350955,0.211630
0.061472,0.162426,6.133638,2.343363,1.512174,0.974914,0.518392,0.350739,0.209981
0.073291,0.150777,6.351195,2.374693,1.538951,0.989633,0.613889,0.375472,0.234287
0.069620,0.168513,6.282945,2.355497,1.476002,0.963348,0.615687,0.410703,0.223369
0.070786,0.165640,6.230227,2.321949,1.516085,1.031878,0.555692,0.364592,0.203421
0.071612,0.163747,6.290825,2.375905,1.524135,0.984912,0.572328,0.363605,0.234365
0.073501,0.166269,6.154786,2.330627,1.504724,0.944375,0.573722,0.339707,0.221662
0.071190,0.168503,6.270232,2.303410,1.496411,0.951193,0.676789,0.374018,0.228536
0.078198,0.163890,6.329202,2.321815,1.498944,0.953214,0.594145,0.432469,0.286309
0.072413,0.168809,6.147397,2.331106,1.464406,0.929916,0.587501,0.365682,0.227377
0.071203,0.166919,6.379742,2.316816,1.523197,1.045131,0.638531,0.388857,0.228876
0.073461,0.166948,6.138097,2.357541,1.492160,0.932958,0.529088,0.352266,0.233493
0.071010,0.185818,6.348567,2.352240,1.532623,0.969883,0.608478,0.395228,0.233092
0.071205,0.166420,6.266044,2.356483,1.575174,0.971284,0.571759,0.349271,0.204264
0.071325,0.168931,6.334375,2.448442,1.501785,0.951366,0.607527,0.353495,0.231298
0.083700,0.166949,7.011518,2.397009,1.630015,1.314654,0.801338,0.374679,0.242980
0.072287,0.165133,6.367573,2.358025,1.625888,0.996407,0.581992,0.357397,0.210259
0.069213,0.164850,6.226944,2.323974,1.537746,0.973936,0.562725,0.377627,0.216684
0.077879,0.164919,6.186103,2.342472,1.501887,0.943166,0.580727,0.342085,0.232791
0.069722,0.166221,6.317198,2.277230,1.656727,0.964089,0.590456,0.361094,0.231449
0.073655,0.163172,6.226102,2.381335,1.524797,0.946405,0.578640,0.352470,0.205420
0.072169,0.169740,6.465585,2.447000,1.505295,1.036732,0.627322,0.368705,0.238402
0.071959,0.167870,6.267951,2.352728,1.500236,0.976751,0.613497,0.365493,0.219210
0.068552,0.170065,6.139967,2.322529,1.507682,0.957628,0.555215,0.350620,0.207470
0.071940,0.163476,6.353385,2.336025,1.522404,0.988937,0.640746,0.367471,0.262184
0.071528,0.164614,6.176736,2.337394,1.460148,0.950831,0.601740,0.365623,0.224671
0.071711,0.170655,6.286499,2.305193,1.575923,0.978086,0.599820,0.370846,0.214084
0.074512,0.163220,6.361480,2.472132,1.568641,0.933909,0.565583,0.357983,0.225301
0.062594,0.190654,6.316481,2.297241,0.065996,2.363238,1.545323,0.030911,1.576234,0.948409,0.017357,0.965766,0.561604,0.008526,0.570131,0.360396,0.004750,0.365147,0.221249,0.001223,0.222473
0.072254,0.169070,6.206689,2.316963,0.057969,2.374934,1.472922,0.034525,1.507447,0.948722,0.015459,0.964182,0.556193,0.008564,0.564757,0.338956,0.003870,0.342827,0.209709,0.001265,0.210974
0.063968,0.191796,3.966498,1.462605,0.063802,1.526407,0.970992,0.031600,1.002593,0.557533,0.016120,0.573654,0.304034,0.008110,0.312145,0.175510,0.003991,0.179502,0.115076,0.001246,0.116322
0.074155,0.167242,3.867117,1.449844,0.056399,1.506244,0.903023,0.034612,0.937636,0.555278,0.015469,0.570748,0.302519,0.007292,0.309812,0.178902,0.004022,0.182924,0.116943,0.001306,0.118250
0.061523,0.192966,6.252579,2.292765,0.063203,2.355968,1.520834,0.031678,1.552513,0.921194,0.017578,0.938772,0.568897,0.008090,0.576987,0.354456,0.004576,0.359033,0.213258,0.001283,0.214542
0.082918,0.168766,6.115695,2.275473,0.055739,2.331213,1.450809,0.034955,1.485765,0.910655,0.016057,0.926713,0.551977,0.007039,0.559016,0.337676,0.003981,0.341658,0.218137,0.001256,0.219394
0.063538,0.190536,3.768836,1.391964,0.055505,1.447469,0.844284,0.027391,0.871675,0.544353,0.016496,0.560850,0.315246,0.008435,0.323682,0.175819,0.004415,0.180234,0.129412,0.001332,0.130744
0.071549,0.164645,3.806256,1.449793,0.054811,1.504605,0.873382,0.035631,0.909014,0.532898,0.013896,0.546795,0.306715,0.007500,0.314216,0.175478,0.004138,0.179617,0.114415,0.001291,0.115707
0.063552,0.189889,3.924800,1.454841,0.063320,1.518161,0.944932,0.031034,0.975967,0.537464,0.016115,0.553580,0.313425,0.008968,0.322394,0.182720,0.004197,0.186918,0.112954,0.001256,0.114211
0.072212,0.165940,3.802562,1.446007,0.055193,1.501201,0.870996,0.035919,0.906916,0.535294,0.013928,0.549222,0.307660,0.007370,0.315030,0.175047,0.004313,0.179361,0.111309,0.001261,0.112571
0.051026,0.153004,5.112531,1.880179,0.053291,1.933471,1.237558,0.024220,1.261779,0.744288,0.014584,0.758872,0.462712,0.007285,0.469998,0.296310,0.003638,0.299948,0.183284,0.000960,0.184245
0.059328,0.137662,5.040413,1.889463,0.044068,1.933532,1.178521,0.028982,1.207504,0.735469,0.012706,0.748176,0.465336,0.006540,0.471877,0.293280,0.003716,0.296997,0.184079,0.001022,0.185101
0.051008,0.147145,5.104746,1.895226,0.051769,1.946995,1.223967,0.024339,1.248307,0.735963,0.014460,0.750424,0.464997,0.007364,0.472362,0.296527,0.003628,0.300156,0.187245,0.000933,0.188179
0.058373,0.137715,5.029543,1.854851,0.044942,1.899793,1.185908,0.028113,1.214022,0.744751,0.012613,0.757365,0.471260,0.008027,0.479288,0.292456,0.003635,0.296092,0.185714,0.000987,0.186701
0.051682,0.150421,5.106812,1.879777,0.050967,1.930744,1.225790,0.024895,1.250685,0.750302,0.013965,0.764267,0.465891,0.007728,0.473620,0.298238,0.003683,0.301922,0.182462,0.000920,0.183382
0.058056,0.136800,5.045706,1.878625,0.045355,1.923981,1.186934,0.028221,1.215156,0.745478,0.012216,0.757695,0.457580,0.006499,0.464080,0.298708,0.003864,0.302573,0.186314,0.000970,0.187285
0.051375,0.150596,3.936019,1.412385,0.053104,1.465489,0.947203,0.024723,0.971927,0.592704,0.015150,0.607855,0.337794,0.007476,0.345271,0.210360,0.003853,0.214214,0.128068,0.001130,0.129198
0.057936,0.137244,3.866991,1.426633,0.046869,1.473503,0.876873,0.028400,0.905274,0.588009,0.013431,0.601441,0.344013,0.006708,0.350721,0.208259,0.003772,0.212032,0.127668,0.001088,0.128757
