/home/parallels/PAPTeam_ubuntu/OpticalFlow/Code/Parallel/pyflow/output/HoChiMinhTraffic_10FPS_320/timing/HoChiMinhTraffic_10FPS_320_P6_C3.txt
Total C++ Execution,Total Flow Calculation,Total Pyramid Calculation
0.514393,0.469022,0.484243
0.515010,0.469876,0.485050
0.514204,0.469097,0.484403
0.516773,0.470646,0.486699
0.514456,0.468781,0.484144
0.517430,0.472521,0.487615
0.516576,0.470901,0.486524
0.514157,0.469336,0.484638
0.511911,0.465870,0.481103
0.514163,0.468946,0.484236
0.514693,0.469233,0.484341
0.514203,0.468107,0.484138
0.517904,0.472195,0.488028
0.516390,0.470578,0.486561
0.519826,0.474355,0.489648
0.517013,0.471871,0.487161
0.518804,0.474172,0.489394
0.511375,0.466406,0.481648
0.514302,0.468868,0.484256
0.513815,0.468130,0.483902
0.516768,0.471579,0.487344
0.518033,0.472246,0.487753
0.518712,0.473387,0.488754
0.514194,0.467504,0.482931
0.512223,0.466941,0.482277
0.512076,0.466746,0.482076
0.521086,0.475679,0.491099
0.522453,0.474901,0.490687
0.513934,0.467995,0.483417
0.513639,0.468294,0.483634
0.592892,0.533325,0.549178
0.594818,0.534256,0.550411
0.512791,0.467092,0.482465
0.486768,0.443537,0.458350
0.484216,0.440578,0.455474
0.484155,0.440888,0.455614
0.496718,0.452847,0.467828
0.540717,0.492785,0.508748
0.540099,0.483821,0.499491
0.505964,0.461617,0.476781
0.490598,0.446987,0.461857
0.503344,0.460061,0.475051
0.500149,0.454475,0.469733
0.499336,0.455604,0.470536
0.491897,0.448053,0.463369
0.490672,0.447058,0.462423
0.505469,0.457035,0.472148
0.515040,0.470273,0.485593
0.505675,0.460598,0.475990
0.579515,0.533003,0.550024
0.569285,0.523666,0.539501
0.498396,0.452832,0.467860
0.493717,0.449651,0.464516
0.496314,0.452159,0.467405
0.531970,0.485107,0.501140
0.559585,0.507356,0.523643
0.589220,0.538853,0.554325
0.536006,0.487938,0.503797
0.533526,0.486836,0.502370
0.529453,0.479369,0.495186
0.530430,0.484468,0.499926
0.514172,0.468966,0.484315
0.517974,0.472481,0.487943
0.516546,0.470804,0.486157
0.516558,0.470610,0.485988
0.514694,0.469229,0.484498
0.518062,0.472385,0.487671
0.514964,0.469552,0.484684
0.512782,0.467289,0.482792
0.516083,0.468340,0.483633
0.515213,0.469060,0.484403
0.520359,0.474718,0.490216
0.511549,0.466221,0.481852
0.513519,0.467800,0.483317
0.513635,0.467517,0.482792
0.518018,0.472384,0.487588
0.512980,0.467816,0.483155
0.515437,0.469565,0.485593
0.514268,0.468640,0.483902
0.523337,0.477317,0.493189
0.518804,0.472387,0.487682
0.514399,0.469361,0.484568
0.514910,0.469100,0.484254
0.517187,0.471287,0.486810
0.517533,0.472037,0.487499
0.512213,0.466896,0.482305
0.512366,0.467033,0.482392
0.525244,0.477048,0.493210
0.532004,0.481165,0.497449
0.519373,0.472595,0.488547
0.510019,0.464325,0.479479
0.583177,0.534069,0.550851
0.537416,0.485515,0.501020
0.547065,0.496135,0.511999
0.513902,0.467463,0.483058
0.535801,0.489685,0.505170
0.563008,0.514088,0.529966
0.534908,0.485447,0.501100
0.527427,0.481272,0.496903
0.520437,0.472968,0.490136
0.516011,0.467304,0.482586
0.514135,0.468353,0.483618
0.513778,0.469014,0.484117
0.521960,0.474979,0.490627
0.543383,0.495598,0.511696
0.539634,0.487907,0.509084
0.575814,0.526655,0.545560
0.512440,0.465969,0.481672
0.514787,0.469230,0.484662
0.513826,0.467121,0.482358
0.515060,0.469706,0.485169
0.513746,0.467408,0.482653
0.511657,0.466256,0.481637
0.515572,0.469437,0.485177
0.514380,0.468377,0.483660
0.528583,0.479703,0.495389
0.530687,0.484676,0.500046
0.512724,0.466069,0.481385
0.516660,0.469202,0.485829
0.512612,0.467275,0.482497
0.515440,0.469932,0.485241
0.515956,0.470654,0.485977
0.522006,0.476856,0.492207
0.519215,0.471757,0.487201
0.515550,0.470269,0.485404
0.544175,0.498510,0.513659
0.545877,0.496678,0.514271
0.595175,0.545080,0.562371
0.550115,0.497258,0.513677
0.522704,0.476795,0.492438
0.520720,0.475303,0.491440
0.495408,0.451498,0.466440
0.494443,0.450384,0.465204
0.536105,0.485696,0.501824
0.520618,0.474635,0.490180
0.516415,0.466367,0.481788
0.518623,0.471035,0.486455
0.514613,0.469252,0.484765
0.517262,0.471616,0.487751
0.513387,0.467433,0.483599
0.516706,0.471585,0.486853
0.514591,0.469570,0.484788
0.523491,0.472440,0.488993
0.530777,0.485469,0.500973
0.513914,0.468380,0.484061
0.519620,0.473505,0.489234
0.515816,0.469100,0.484506
0.527916,0.481082,0.496408
0.512647,0.467422,0.482769
0.512847,0.467512,0.483216
0.515477,0.470428,0.485914
0.516055,0.471049,0.486193
0.513160,0.467558,0.483075
0.529517,0.483025,0.499100
0.510188,0.464624,0.480404
0.516495,0.470984,0.486700
0.514953,0.468888,0.484433
0.519147,0.472182,0.487738
0.526800,0.480713,0.496387
0.518830,0.468742,0.484673
0.513683,0.467690,0.483284
0.520717,0.470350,0.486066
0.519954,0.474454,0.490050
0.513280,0.467949,0.483520
0.525880,0.480018,0.496258
0.515087,0.469865,0.485397
0.518018,0.469652,0.485465
0.518920,0.471424,0.487084
0.519895,0.474826,0.490468
0.511367,0.465944,0.481210
0.521763,0.476164,0.491897
0.513244,0.467970,0.483262
0.539085,0.492327,0.508886
0.518781,0.473323,0.488694
0.521045,0.475389,0.491459
0.516188,0.470936,0.486173
0.521231,0.472067,0.487333
0.522546,0.475363,0.490728
0.513215,0.466214,0.482612
0.527931,0.481023,0.496638
0.513424,0.467667,0.483402
0.524998,0.479815,0.495349
0.516981,0.471977,0.487314
0.526015,0.480851,0.496314
0.512714,0.467022,0.482943
0.516822,0.470683,0.486198
0.526379,0.478894,0.494063
0.513623,0.468184,0.483623
0.513880,0.468352,0.483931
0.522198,0.475755,0.492343
0.515536,0.469841,0.485336
0.516469,0.470408,0.486364
0.519301,0.473092,0.489003
0.514755,0.469628,0.484982
0.514844,0.468276,0.484780
0.522170,0.476399,0.492038
0.516117,0.471079,0.486403
0.513584,0.464576,0.480622
0.524721,0.479363,0.494997
0.513382,0.467720,0.483259
0.525474,0.480119,0.495616
0.515859,0.469955,0.485809
0.527249,0.481369,0.497577
0.513948,0.468514,0.483782
0.524810,0.478763,0.494686
0.517029,0.471517,0.487161
0.524271,0.471485,0.492451
0.514587,0.469091,0.484625
0.519462,0.472791,0.488606
0.513423,0.467836,0.483476
0.518568,0.473889,0.489104
0.515271,0.470255,0.485534
0.517857,0.469869,0.485530
0.521310,0.473820,0.489660
0.523999,0.475395,0.491531
0.524792,0.479544,0.494854
0.512374,0.464996,0.480768
0.520926,0.475197,0.490926
0.513720,0.468237,0.483744
0.519365,0.473910,0.489658
0.514436,0.469041,0.484495
0.521409,0.476505,0.491733
0.514376,0.468089,0.483749
0.518553,0.472294,0.488066
0.516700,0.468965,0.484778
0.516680,0.471633,0.486873
0.513124,0.466091,0.481826
0.521313,0.474518,0.490159
0.515869,0.469216,0.484594
0.524057,0.475790,0.491566
0.516736,0.470422,0.486307
0.518555,0.471584,0.487510
0.518357,0.470842,0.486227
